00052 1.370 -0.201 0.515
00053 1.370 -0.201 0.515
00054 1.371 -0.200 0.515
00055 1.372 -0.200 0.515
00056 1.373 -0.199 0.515
00057 1.373 -0.199 0.515
00058 1.375 -0.198 0.515
00059 1.375 -0.198 0.515
00060 1.376 -0.198 0.515
00061 1.379 -0.196 0.515
00062 1.383 -0.194 0.515
00063 1.389 -0.190 0.515
00064 1.393 -0.188 0.515
00065 1.408 -0.180 0.515
00066 1.414 -0.176 0.515
00067 1.434 -0.165 0.515
00068 1.442 -0.160 0.533
00069 1.458 -0.151 0.533
00070 1.476 -0.140 0.533
00071 1.495 -0.129 0.533
00072 1.514 -0.117 0.533
00073 1.534 -0.105 0.550
00074 1.555 -0.092 0.550
00075 1.575 -0.080 0.550
00076 1.585 -0.073 0.585
00077 1.615 -0.053 0.585
00078 1.625 -0.046 0.603
00079 1.653 -0.027 0.603
00080 1.662 -0.021 0.603
00081 1.671 -0.014 0.603
00082 1.699 0.005 0.603
00083 1.708 0.011 0.603
00084 1.737 0.031 0.603
00085 1.747 0.038 0.603
00086 1.778 0.059 0.603
00087 1.788 0.066 0.603
00088 1.809 0.080 0.603
00089 1.839 0.102 0.620
00090 1.850 0.110 0.620
00091 1.879 0.130 0.603
00092 1.889 0.137 0.603
00093 1.921 0.158 0.585
00094 1.931 0.165 0.585
00095 1.963 0.185 0.585
00096 1.973 0.192 0.585
00097 1.984 0.200 0.585
00098 2.016 0.220 0.568
00099 2.026 0.227 0.568
00100 2.059 0.248 0.568
00101 2.070 0.255 0.568
00102 2.094 0.270 0.568
00103 2.118 0.285 0.568
00104 2.140 0.300 0.568
00105 2.151 0.307 0.568
00106 2.394 0.451 0.498
00107 2.561 0.530 0.376
00108 2.582 0.538 0.376
00109 2.602 0.546 0.376
00110 2.622 0.554 0.358
00111 2.631 0.557 0.358
00112 2.639 0.560 0.358
00113 2.665 0.569 0.341
00114 2.674 0.572 0.341
00115 2.689 0.578 0.341
00116 2.711 0.586 0.358
00117 2.718 0.588 0.358
00118 2.738 0.596 0.358
00119 2.745 0.598 0.358
00120 2.765 0.606 0.358
00121 2.772 0.608 0.358
00122 2.792 0.616 0.358
00123 2.799 0.618 0.341
00124 2.806 0.621 0.341
00125 2.828 0.629 0.341
00126 2.835 0.631 0.341
00127 2.859 0.640 0.341
00128 2.867 0.643 0.323
00129 2.893 0.651 0.323
00130 2.902 0.654 0.323
00131 2.918 0.659 0.306
00132 2.935 0.664 0.306
00133 2.952 0.669 0.289
00134 2.969 0.674 0.289
00135 2.985 0.679 0.289
00136 3.003 0.684 0.271
00137 3.021 0.689 0.271
00138 3.030 0.692 0.271
00139 3.059 0.699 0.254
00140 3.070 0.702 0.254
00141 3.102 0.709 0.236
00142 3.113 0.712 0.236
00143 3.136 0.717 0.236
00144 3.159 0.722 0.219
00145 3.183 0.728 0.219
00146 3.196 0.731 0.219
00147 3.231 0.738 0.219
00148 3.242 0.741 0.219
00149 3.276 0.748 0.201
00150 3.299 0.752 0.201
00151 3.322 0.757 0.201
00152 3.346 0.762 0.201
00153 3.369 0.767 0.219
00154 3.392 0.772 0.219
00155 3.414 0.777 0.219
00156 3.436 0.782 0.219
00157 3.459 0.787 0.219
00158 3.514 0.800 0.236
00159 3.721 0.847 0.201
00160 3.732 0.849 0.201
00161 3.769 0.856 0.201
00162 3.781 0.859 0.201
00163 3.816 0.867 0.219
00164 3.829 0.870 0.219
00165 3.855 0.876 0.219
00166 3.869 0.879 0.236
00167 3.909 0.889 0.236
00168 3.923 0.892 0.236
00169 3.936 0.896 0.254
00170 3.964 0.903 0.254
00171 4.003 0.914 0.271
00172 4.017 0.917 0.271
00173 4.030 0.921 0.271
00174 4.072 0.933 0.289
00175 4.085 0.937 0.289
00176 4.123 0.948 0.289
00177 4.163 0.961 0.306
00178 4.176 0.965 0.306
00179 4.215 0.978 0.323
00180 4.228 0.983 0.323
00181 4.268 0.996 0.323
00182 4.281 1.001 0.323
00183 4.321 1.015 0.341
00184 4.333 1.019 0.341
00185 4.371 1.033 0.341
00186 4.384 1.037 0.341
00187 4.423 1.051 0.341
00188 4.436 1.056 0.341
00189 4.450 1.060 0.341
00190 4.490 1.075 0.341
00191 4.530 1.089 0.341
00192 4.543 1.094 0.341
00193 4.569 1.103 0.341
00194 4.593 1.111 0.341
00195 4.618 1.120 0.341
00196 4.645 1.130 0.341
00197 4.670 1.138 0.341
00198 4.693 1.147 0.341
00199 4.730 1.160 0.341
00200 4.743 1.164 0.341
00201 4.780 1.177 0.323
00202 4.792 1.181 0.323
00203 4.830 1.193 0.306
00204 4.843 1.197 0.306
00205 4.868 1.205 0.306
00206 4.893 1.212 0.289
00207 4.918 1.220 0.289
00208 4.944 1.227 0.254
00209 4.969 1.233 0.254
00210 4.993 1.239 0.219
00211 5.019 1.244 0.219
00212 5.058 1.253 0.219
00213 5.071 1.256 0.201
00214 5.451 1.347 0.289
00215 5.465 1.351 0.289
00216 5.506 1.364 0.306
00217 5.520 1.368 0.306
00218 5.534 1.373 0.306
00219 5.562 1.381 0.306
00220 5.598 1.393 0.306
00221 5.619 1.398 0.254
00222 5.660 1.409 0.254
00223 5.674 1.412 0.254
00224 5.689 1.415 0.201
00225 5.730 1.423 0.201
00226 5.743 1.425 0.149
00227 5.783 1.431 0.149
00228 5.796 1.433 0.149
00229 5.824 1.435 0.114
00230 5.838 1.437 0.114
00231 5.879 1.442 0.114
00232 5.893 1.443 0.079
00233 5.935 1.446 0.079
00234 5.950 1.447 0.062
00235 5.993 1.449 0.062
00236 6.008 1.450 0.062
00237 6.052 1.452 0.044
00238 6.081 1.453 0.044
00239 6.109 1.455 0.044
00240 6.123 1.455 0.044
00241 6.166 1.457 0.044
00242 6.180 1.458 0.044
00243 6.224 1.460 0.044
00244 6.238 1.460 0.044
00245 6.280 1.462 0.044
00246 6.294 1.463 0.044
00247 6.337 1.465 0.044
00248 6.351 1.465 0.044
00249 6.399 1.466 0.027
00250 6.416 1.467 0.027
00251 6.449 1.468 0.027
00252 6.481 1.468 0.009
00253 6.512 1.468 0.009
00254 6.543 1.468 -0.008
00255 6.574 1.467 -0.008
00256 6.605 1.467 -0.026
00257 6.636 1.466 -0.026
00258 6.652 1.466 -0.026
00259 6.695 1.465 -0.008
00260 6.710 1.465 -0.008
00261 6.757 1.466 0.027
00262 6.772 1.467 0.027
00263 6.818 1.468 0.027
00264 6.834 1.469 0.062
00265 6.866 1.471 0.062
00266 6.898 1.473 0.062
00267 6.944 1.478 0.097
00268 6.959 1.480 0.097
00269 7.363 1.534 0.079
00270 7.405 1.537 0.079
00271 7.419 1.538 0.079
00272 7.460 1.541 0.062
00273 7.472 1.542 0.062
00274 7.511 1.545 0.079
00275 7.523 1.546 0.079
00276 7.557 1.548 0.079
00277 7.567 1.549 0.079
00278 7.579 1.550 0.079
00279 7.609 1.553 0.097
00280 7.618 1.554 0.097
00281 7.644 1.556 0.097
00282 7.653 1.557 0.097
00283 7.676 1.559 0.097
00284 7.699 1.562 0.114
00285 7.707 1.563 0.114
00286 7.731 1.566 0.114
00287 7.739 1.567 0.114
00288 7.748 1.567 0.114
00289 7.774 1.570 0.114
00290 7.782 1.571 0.114
00291 7.801 1.574 0.114
00292 7.830 1.577 0.131
00293 7.840 1.579 0.131
00294 7.870 1.583 0.131
00295 7.880 1.584 0.131
00296 7.890 1.585 0.131
00297 7.923 1.590 0.131
00298 7.934 1.591 0.131
00299 7.966 1.596 0.131
00300 7.976 1.597 0.131
00301 8.008 1.601 0.131
00302 8.019 1.603 0.131
00303 8.042 1.605 0.131
00304 8.063 1.608 0.131
00305 8.085 1.611 0.131
00306 8.107 1.614 0.131
00307 8.129 1.617 0.131
00308 8.139 1.618 0.131
00309 8.170 1.622 0.131
00310 8.181 1.624 0.131
00311 8.214 1.628 0.131
00312 8.225 1.629 0.114
00313 8.235 1.631 0.114
00314 8.263 1.634 0.114
00315 8.283 1.637 0.131
00316 8.302 1.639 0.131
00317 8.321 1.642 0.131
00318 8.330 1.643 0.131
00319 8.358 1.647 0.131
00320 8.367 1.648 0.131
00321 8.377 1.649 0.131
00322 8.477 1.662 0.131
00323 8.604 1.677 0.114
00324 8.615 1.678 0.097
00325 8.646 1.681 0.097
00326 8.656 1.682 0.097
00327 8.677 1.683 0.079
00328 8.697 1.685 0.079
00329 8.716 1.686 0.079
00330 8.735 1.688 0.079
00331 8.752 1.689 0.079
00332 8.761 1.690 0.079
00333 8.786 1.692 0.079
00334 8.795 1.693 0.079
00335 8.819 1.695 0.097
00336 8.827 1.696 0.097
00337 8.850 1.699 0.114
00338 8.858 1.700 0.114
00339 8.880 1.702 0.131
00340 8.887 1.703 0.131
00341 8.909 1.707 0.149
00342 8.915 1.708 0.149
00343 8.928 1.710 0.149
00344 8.942 1.712 0.166
00345 8.956 1.714 0.166
00346 8.970 1.716 0.166
00347 8.983 1.719 0.184
00348 8.998 1.722 0.184
00349 9.012 1.725 0.201
00350 9.019 1.726 0.201
00351 9.036 1.730 0.201
00352 9.042 1.731 0.201
00353 9.060 1.735 0.201
00354 9.066 1.736 0.201
00355 9.083 1.739 0.184
00356 9.089 1.740 0.184
00357 9.095 1.741 0.184
00358 9.112 1.744 0.184
00359 9.117 1.745 0.184
00360 9.131 1.748 0.166
00361 9.135 1.748 0.166
00362 9.143 1.749 0.166
00363 9.149 1.750 0.131
00364 9.155 1.751 0.131
00365 9.158 1.751 0.079
00366 9.167 1.752 0.079
00367 9.170 1.752 0.079
00368 9.181 1.752 -0.008
00369 9.185 1.752 -0.008
00370 9.193 1.750 -0.113
00371 9.201 1.750 -0.113
00372 9.209 1.749 -0.113
00373 9.218 1.746 -0.235
00374 9.227 1.744 -0.235
00375 9.231 1.743 -0.235
00376 9.236 1.741 -0.375
00377 9.249 1.736 -0.375
00378 9.253 1.733 -0.532
00379 9.260 1.729 -0.532
00380 9.268 1.724 -0.532
00381 9.331 1.623 -1.317
00382 9.335 1.611 -1.317
00383 9.335 1.597 -1.474
00384 9.337 1.583 -1.474
00385 9.337 1.570 -1.614
00386 9.336 1.557 -1.614
00387 9.336 1.550 -1.614
00388 9.333 1.533 -1.719
00389 9.332 1.528 -1.719
00390 9.331 1.523 -1.719
00391 9.327 1.509 -1.823
00392 9.326 1.504 -1.823
00393 9.322 1.490 -1.911
00394 9.320 1.486 -1.911
00395 9.315 1.474 -1.998
00396 9.313 1.469 -1.998
00397 9.308 1.458 -1.998
00398 9.304 1.451 -2.103
00399 9.302 1.447 -2.103
00400 9.300 1.444 -2.103
00401 9.293 1.434 -2.207
00402 9.290 1.430 -2.207
00403 9.282 1.420 -2.295
00404 9.279 1.416 -2.295
00405 9.268 1.405 -2.295
00406 9.264 1.401 -2.382
00407 9.255 1.392 -2.382
00408 9.244 1.383 -2.452
00409 9.233 1.374 -2.452
00410 9.221 1.364 -2.452
00411 9.208 1.354 -2.469
00412 9.201 1.349 -2.469
00413 9.181 1.332 -2.469
00414 9.174 1.326 -2.452
00415 9.154 1.310 -2.452
00416 9.148 1.304 -2.382
00417 9.127 1.284 -2.382
00418 9.112 1.268 -2.329
00419 9.096 1.252 -2.329
00420 9.077 1.231 -2.329
00421 9.070 1.224 -2.277
00422 9.049 1.199 -2.277
00423 9.036 1.182 -2.242
00424 9.024 1.166 -2.242
00425 9.012 1.150 -2.172
00426 9.000 1.133 -2.172
00427 8.988 1.115 -2.172
00428 8.974 1.088 -2.085
00429 8.969 1.079 -2.085
00430 8.957 1.051 -1.998
00431 8.953 1.041 -1.998
00432 8.940 1.010 -1.928
00433 8.936 1.000 -1.928
00434 8.928 0.979 -1.928
00435 8.923 0.959 -1.858
00436 8.914 0.929 -1.858
00437 8.912 0.920 -1.788
00438 8.909 0.904 -1.788
00439 8.904 0.885 -1.788
00440 8.869 0.754 -2.068
00441 8.866 0.748 -2.068
00442 8.856 0.731 -2.068
00443 8.852 0.726 -2.225
00444 8.840 0.710 -2.225
00445 8.835 0.706 -2.382
00446 8.830 0.702 -2.382
00447 8.815 0.687 -2.382
00448 8.808 0.683 -2.539
00449 8.789 0.670 -2.539
00450 8.783 0.666 -2.539
00451 8.769 0.661 -2.696
00452 8.748 0.651 -2.696
00453 8.741 0.649 -2.801
00454 8.719 0.641 -2.801
00455 8.712 0.638 -2.801
00456 8.687 0.632 -2.888
00457 8.678 0.630 -2.888
00458 8.670 0.628 -2.888
00459 8.643 0.625 -2.993
00460 8.633 0.623 -2.993
00461 8.615 0.624 -3.115
00462 8.597 0.623 -3.115
00463 8.579 0.623 -3.115
00464 8.560 0.626 3.011
00465 8.541 0.629 3.011
00466 8.521 0.634 2.837
00467 8.500 0.641 2.837
00468 8.480 0.650 2.680
00469 8.458 0.661 2.680
00470 8.434 0.672 2.680
00471 8.413 0.689 2.540
00472 8.380 0.712 2.540
00473 8.371 0.720 2.453
00474 8.340 0.746 2.453
00475 8.329 0.755 2.453
00476 8.319 0.764 2.418
00477 8.289 0.791 2.418
00478 8.260 0.816 2.418
00479 8.250 0.825 2.418
00480 8.241 0.833 2.418
00481 8.213 0.858 2.418
00482 8.185 0.882 2.418
00483 8.176 0.890 2.418
00484 8.167 0.898 2.418
00485 8.141 0.921 2.418
00486 8.133 0.928 2.400
00487 8.117 0.943 2.400
00488 8.099 0.960 2.383
00489 8.081 0.977 2.383
00490 8.063 0.994 2.383
00491 8.046 1.011 2.365
00492 8.028 1.029 2.365
00493 8.010 1.047 2.365
00494 8.001 1.056 2.365
00495 7.975 1.081 2.365
00496 7.909 1.146 2.365
00497 7.784 1.245 2.610
00498 7.765 1.256 2.610
00499 7.756 1.262 2.610
00500 7.728 1.273 2.715
00501 7.720 1.277 2.715
00502 7.693 1.287 2.802
00503 7.685 1.290 2.802
00504 7.661 1.298 2.802
00505 7.637 1.304 2.872
00506 7.630 1.306 2.872
00507 7.622 1.308 2.907
00508 7.598 1.314 2.907
00509 7.573 1.319 2.941
00510 7.566 1.321 2.941
00511 7.558 1.322 2.941
00512 7.542 1.325 2.959
00513 7.526 1.328 2.959
00514 7.509 1.331 2.959
00515 7.501 1.332 2.994
00516 7.477 1.336 2.994
00517 7.469 1.337 2.994
00518 7.444 1.340 3.011
00519 7.436 1.341 3.011
00520 7.409 1.344 3.029
00521 7.390 1.346 3.029
00522 7.371 1.349 3.011
00523 7.352 1.351 3.011
00524 7.332 1.354 3.011
00525 7.301 1.359 2.976
00526 7.290 1.361 2.976
00527 7.280 1.363 2.976
00528 7.247 1.368 2.976
00529 7.236 1.370 2.976
00530 7.213 1.375 2.959
00531 7.201 1.377 2.959
00532 7.188 1.379 2.959
00533 7.149 1.386 2.976
00534 7.136 1.388 2.976
00535 7.112 1.392 2.976
00536 7.101 1.393 2.994
00537 7.089 1.395 2.994
00538 7.053 1.400 2.994
00539 7.041 1.402 3.011
00540 7.018 1.405 3.011
00541 7.007 1.406 3.011
00542 6.975 1.409 3.046
00543 6.964 1.410 3.046
00544 6.931 1.412 3.099
00545 6.920 1.412 3.099
00546 6.890 1.413 3.099
00547 6.879 1.413 3.133
00548 6.857 1.413 3.133
00549 6.835 1.413 -3.132
00550 6.814 1.413 -3.132
00551 6.805 1.413 -3.132
00552 6.774 1.413 -3.132
00553 6.763 1.413 -3.132
00554 6.729 1.412 -3.132
00555 6.514 1.410 -3.115
00556 6.493 1.409 -3.115
00557 6.461 1.408 -3.115
00558 6.431 1.408 -3.115
00559 6.421 1.407 -3.097
00560 6.395 1.406 -3.097
00561 6.386 1.406 -3.097
00562 6.371 1.404 -3.080
00563 6.357 1.404 -3.080
00564 6.338 1.402 -3.062
00565 6.333 1.402 -3.062
00566 6.324 1.401 -3.062
00567 6.316 1.400 -3.045
00568 6.311 1.400 -3.045
00569 6.305 1.399 -3.045
00570 6.297 1.399 -3.045
00571 6.294 1.398 -3.045
00572 6.281 1.397 -3.045
00573 6.276 1.396 -3.045
00574 6.259 1.395 -3.045
00575 6.245 1.393 -3.045
00576 6.231 1.392 -3.028
00577 6.216 1.390 -3.028
00578 6.202 1.389 -3.028
00579 6.187 1.387 -3.028
00580 6.172 1.385 -3.028
00581 6.154 1.383 -3.010
00582 6.134 1.380 -3.010
00583 6.114 1.377 -3.010
00584 6.093 1.374 -2.993
00585 6.071 1.371 -2.993
00586 6.060 1.369 -2.993
00587 6.028 1.364 -2.993
00588 6.006 1.361 -2.975
00589 5.985 1.357 -2.975
00590 5.962 1.353 -2.975
00591 5.926 1.346 -2.940
00592 5.915 1.343 -2.940
00593 5.880 1.335 -2.905
00594 5.863 1.330 -2.905
00595 5.834 1.323 -2.871
00596 5.811 1.316 -2.871
00597 5.786 1.309 -2.818
00598 5.762 1.300 -2.818
00599 5.738 1.292 -2.818
00600 5.704 1.278 -2.766
00601 5.693 1.274 -2.766
00602 5.670 1.265 -2.766
00603 5.659 1.259 -2.713
00604 5.627 1.245 -2.713
00605 5.617 1.239 -2.644
00606 5.589 1.224 -2.644
00607 5.579 1.219 -2.644
00608 5.490 1.142 -2.312
00609 5.446 1.073 -2.033
00610 5.443 1.066 -2.033
00611 5.434 1.048 -2.033
00612 5.431 1.041 -1.963
00613 5.422 1.019 -1.963
00614 5.417 1.004 -1.911
00615 5.412 0.990 -1.911
00616 5.408 0.977 -1.841
00617 5.405 0.964 -1.841
00618 5.403 0.958 -1.841
00619 5.399 0.941 -1.806
00620 5.398 0.935 -1.806
00621 5.394 0.919 -1.771
00622 5.393 0.914 -1.771
00623 5.390 0.899 -1.771
00624 5.390 0.894 -1.736
00625 5.387 0.878 -1.736
00626 5.385 0.862 -1.701
00627 5.384 0.856 -1.701
00628 5.383 0.851 -1.701
00629 5.382 0.833 -1.666
00630 5.381 0.828 -1.666
00631 5.380 0.815 -1.666
00632 5.380 0.809 -1.631
00633 5.379 0.789 -1.631
00634 5.379 0.776 -1.596
00635 5.378 0.762 -1.596
00636 5.378 0.755 -1.596
00637 5.377 0.734 -1.596
00638 5.377 0.726 -1.596
00639 5.377 0.704 -1.596
00640 5.376 0.697 -1.596
00641 5.376 0.673 -1.579
00642 5.376 0.664 -1.579
00643 5.376 0.634 -1.579
00644 5.376 0.623 -1.562
00645 5.376 0.595 -1.562
00646 5.377 0.586 -1.562
00647 5.377 0.556 -1.544
00648 5.378 0.546 -1.544
00649 5.379 0.513 -1.527
00650 5.380 0.502 -1.527
00651 5.382 0.469 -1.492
00652 5.383 0.458 -1.492
00653 5.385 0.436 -1.492
00654 5.387 0.413 -1.474
00655 5.389 0.389 -1.474
00656 5.392 0.366 -1.439
00657 5.395 0.341 -1.439
00658 5.397 0.328 -1.439
00659 5.403 0.287 -1.422
00660 5.405 0.273 -1.422
00661 5.412 0.233 -1.404
00662 5.414 0.220 -1.404
00663 5.421 0.179 -1.404
00664 5.423 0.165 -1.404
00665 5.430 0.125 -1.404
00666 5.432 0.112 -1.404
00667 5.463 -0.053 -1.387
00668 5.488 -0.187 -1.387
00669 5.490 -0.199 -1.387
00670 5.497 -0.233 -1.370
00671 5.500 -0.244 -1.370
00672 5.506 -0.276 -1.370
00673 5.510 -0.295 -1.370
00674 5.513 -0.311 -1.370
00675 5.515 -0.319 -1.352
00676 5.520 -0.340 -1.352
00677 5.521 -0.347 -1.352
00678 5.526 -0.366 -1.352
00679 5.527 -0.373 -1.352
00680 5.532 -0.391 -1.335
00681 5.533 -0.397 -1.335
00682 5.537 -0.414 -1.317
00683 5.539 -0.420 -1.317
00684 5.543 -0.436 -1.317
00685 5.544 -0.441 -1.300
00686 5.549 -0.456 -1.300
00687 5.550 -0.461 -1.300
00688 5.554 -0.477 -1.300
00689 5.556 -0.482 -1.300
00690 5.559 -0.493 -1.300
00691 5.562 -0.504 -1.300
00692 5.565 -0.515 -1.300
00693 5.567 -0.521 -1.300
00694 5.571 -0.538 -1.300
00695 5.573 -0.543 -1.300
00696 5.577 -0.559 -1.300
00697 5.579 -0.565 -1.300
00698 5.583 -0.580 -1.300
00699 5.585 -0.585 -1.300
00700 5.587 -0.595 -1.300
00701 5.588 -0.599 -1.300
00702 5.592 -0.612 -1.300
00703 5.593 -0.616 -1.282
00704 5.594 -0.620 -1.282
00705 5.596 -0.627 -1.282
00706 5.599 -0.635 -1.282
00707 5.602 -0.644 -1.282
00708 5.605 -0.655 -1.282
00709 5.609 -0.669 -1.282
00710 5.611 -0.675 -1.282
00711 5.616 -0.693 -1.282
00712 5.618 -0.699 -1.282
00713 5.620 -0.705 -1.282
00714 5.624 -0.721 -1.300
00715 5.626 -0.726 -1.300
00716 5.628 -0.735 -1.300
00717 5.630 -0.743 -1.300
00718 5.632 -0.749 -1.300
00719 5.634 -0.755 -1.300
00720 5.635 -0.762 -1.300
00721 5.636 -0.764 -1.300
00722 5.638 -0.772 -1.300
00723 5.639 -0.775 -1.300
00724 5.641 -0.780 -1.300
00725 5.669 -0.883 -1.300
00726 5.672 -0.894 -1.300
00727 5.672 -0.895 -1.300
00728 5.674 -0.899 -1.300
00729 5.674 -0.900 -1.300
00730 5.674 -0.901 -1.300
00731 5.674 -0.901 -1.300
00732 5.674 -0.902 -1.300
00733 5.674 -0.902 -1.300
00734 5.674 -0.902 -1.300
00735 5.674 -0.902 -1.300
00736 5.674 -0.902 -1.300
00737 5.674 -0.903 -1.300
00738 5.674 -0.903 -1.300
00739 5.675 -0.903 -1.300
00740 5.675 -0.904 -1.300
00741 5.675 -0.905 -1.300
00742 5.676 -0.907 -1.300
00743 5.676 -0.908 -1.300
00744 5.677 -0.911 -1.300
00745 5.677 -0.913 -1.300
00746 5.678 -0.917 -1.317
00747 5.679 -0.919 -1.317
00748 5.680 -0.924 -1.317
00749 5.681 -0.928 -1.317
00750 5.682 -0.933 -1.317
00751 5.684 -0.938 -1.317
00752 5.685 -0.941 -1.317
00753 5.688 -0.953 -1.317
00754 5.689 -0.957 -1.317
00755 5.691 -0.968 -1.317
00756 5.692 -0.972 -1.317
00757 5.696 -0.984 -1.317
00758 5.697 -0.987 -1.317
00759 5.700 -0.999 -1.317
00760 5.701 -1.003 -1.300
00761 5.704 -1.013 -1.300
00762 5.704 -1.016 -1.300
00763 5.707 -1.025 -1.317
00764 5.707 -1.027 -1.317
00765 5.708 -1.029 -1.317
00766 5.709 -1.035 -1.352
00767 5.710 -1.038 -1.352
00768 5.710 -1.045 -1.422
00769 5.711 -1.048 -1.422
00770 5.712 -1.057 -1.527
00771 5.712 -1.064 -1.527
00772 5.712 -1.072 -1.527
00773 5.701 -1.119 -1.945
00774 5.683 -1.152 -2.242
00775 5.677 -1.160 -2.242
00776 5.670 -1.168 -2.242
00777 5.663 -1.173 -2.417
00778 5.659 -1.177 -2.417
00779 5.646 -1.185 -2.556
00780 5.643 -1.187 -2.556
00781 5.639 -1.190 -2.556
00782 5.626 -1.197 -2.679
00783 5.617 -1.202 -2.679
00784 5.612 -1.204 -2.679
00785 5.595 -1.210 -2.801
00786 5.590 -1.212 -2.801
00787 5.585 -1.214 -2.801
00788 5.574 -1.216 -2.923
00789 5.563 -1.218 -2.923
00790 5.552 -1.221 -2.923
00791 5.542 -1.221 -3.062
00792 5.533 -1.222 -3.062
00793 5.529 -1.221 3.064
00794 5.526 -1.221 3.064
00795 5.520 -1.220 3.064
00796 5.517 -1.220 2.924
00797 5.514 -1.219 2.924
00798 5.511 -1.218 2.924
00799 5.509 -1.218 2.819
00800 5.509 -1.218 2.819
00801 5.509 -1.218 2.715
00802 5.510 -1.218 2.715
00803 5.512 -1.219 2.715
00804 5.513 -1.220 2.575
00805 5.515 -1.221 2.575
00806 5.517 -1.222 2.575
00807 5.518 -1.224 2.400
00808 5.519 -1.224 2.400
00809 5.519 -1.225 2.400
00810 5.520 -1.226 2.243
00811 5.520 -1.226 2.243
00812 5.520 -1.226 2.243
00813 5.520 -1.226 2.139
00814 5.520 -1.225 2.139
00815 5.520 -1.225 2.051
00816 5.519 -1.224 2.051
00817 5.518 -1.223 2.051
00818 5.518 -1.221 1.964
00819 5.516 -1.218 1.964
00820 5.515 -1.214 1.964
00821 5.513 -1.207 1.877
00822 5.511 -1.202 1.877
00823 5.507 -1.185 1.807
00824 5.506 -1.178 1.807
00825 5.500 -1.153 1.807
00826 5.498 -1.143 1.755
00827 5.494 -1.123 1.755
00828 5.490 -1.102 1.755
00829 5.486 -1.078 1.737
00830 5.482 -1.052 1.737
00831 5.478 -1.025 1.720
00832 5.476 -1.011 1.720
00833 5.474 -0.997 1.720
00834 5.467 -0.951 1.720
00835 5.465 -0.936 1.720
00836 5.460 -0.905 1.720
00837 5.456 -0.875 1.720
00838 5.418 -0.667 1.790
00839 5.376 -0.497 1.842
00840 5.372 -0.481 1.842
00841 5.358 -0.432 1.859
00842 5.353 -0.416 1.859
00843 5.348 -0.400 1.859
00844 5.339 -0.370 1.859
00845 5.334 -0.356 1.894
00846 5.329 -0.341 1.894
00847 5.314 -0.297 1.894
00848 5.309 -0.284 1.929
00849 5.299 -0.258 1.929
00850 5.294 -0.245 1.929
00851 5.289 -0.231 1.964
00852 5.272 -0.192 1.964
00853 5.267 -0.180 1.964
00854 5.255 -0.155 2.016
00855 5.243 -0.130 2.016
00856 5.229 -0.107 2.069
00857 5.223 -0.095 2.069
00858 5.204 -0.061 2.069
00859 5.197 -0.050 2.104
00860 5.184 -0.027 2.104
00861 5.178 -0.016 2.104
00862 5.158 0.014 2.139
00863 5.152 0.025 2.139
00864 5.145 0.035 2.139
00865 5.132 0.054 2.156
00866 5.126 0.064 2.156
00867 5.119 0.074 2.156
00868 5.098 0.105 2.191
00869 5.091 0.115 2.191
00870 5.077 0.134 2.191
00871 5.070 0.144 2.191
00872 5.047 0.173 2.226
00873 5.039 0.183 2.226
00874 5.031 0.193 2.261
00875 5.015 0.212 2.261
00876 5.007 0.222 2.261
00877 5.000 0.231 2.261
00878 4.975 0.257 2.313
00879 4.975 0.257 2.313
00880 4.950 0.284 2.313
00881 4.941 0.292 2.365
00882 4.933 0.301 2.365
00883 4.916 0.317 2.365
00884 4.907 0.324 2.418
00885 4.890 0.340 2.418
00886 4.881 0.348 2.418
00887 4.872 0.355 2.418
00888 4.854 0.369 2.453
00889 4.845 0.377 2.453
00890 4.836 0.385 2.453
00891 4.816 0.398 2.523
00892 4.796 0.412 2.523
00893 4.776 0.426 2.523
00894 4.765 0.432 2.610
00895 4.755 0.438 2.610
00896 4.733 0.451 2.610
00897 4.723 0.457 2.610
00898 4.711 0.461 2.715
00899 4.679 0.476 2.715
00900 4.668 0.480 2.802
00901 4.646 0.487 2.802
00902 4.635 0.491 2.802
00903 4.624 0.495 2.802
00904 4.603 0.500 2.889
00905 4.335 0.533 3.116
00906 4.300 0.534 3.116
00907 4.289 0.534 3.116
00908 4.255 0.534 3.133
00909 4.245 0.534 3.133
00910 4.235 0.534 -3.132
00911 4.214 0.534 -3.132
00912 4.194 0.534 -3.132
00913 4.175 0.533 -3.115
00914 4.166 0.533 -3.115
00915 4.157 0.533 -3.115
00916 4.129 0.531 -3.080
00917 4.120 0.531 -3.080
00918 4.092 0.529 -3.045
00919 4.083 0.528 -3.045
00920 4.063 0.526 -3.045
00921 4.033 0.522 -3.028
00922 4.022 0.521 -3.028
00923 4.010 0.520 -3.028
00924 3.971 0.515 -3.010
00925 3.957 0.513 -3.010
00926 3.916 0.507 -2.993
00927 3.903 0.505 -2.993
00928 3.862 0.499 -2.993
00929 3.847 0.497 -2.993
00930 3.816 0.492 -2.993
00931 3.785 0.488 -3.010
00932 3.755 0.484 -3.010
00933 3.741 0.482 -3.010
00934 3.695 0.477 -3.028
00935 3.679 0.475 -3.028
00936 3.663 0.473 -3.028
00937 3.617 0.468 -3.028
00938 3.602 0.466 -3.028
00939 3.570 0.463 -3.028
00940 3.538 0.459 -3.028
00941 3.507 0.455 -3.028
00942 3.490 0.453 -3.028
00943 3.440 0.448 -3.028
00944 3.424 0.446 -3.028
00945 3.392 0.442 -3.028
00946 3.360 0.439 -3.028
00947 3.328 0.435 -3.028
00948 3.311 0.432 -3.010
00949 3.294 0.430 -3.010
00950 3.239 0.423 -3.010
00951 3.223 0.421 -3.010
00952 3.192 0.417 -3.010
00953 3.161 0.413 -3.010
00954 3.129 0.408 -3.010
00955 3.096 0.404 -3.010
00956 3.063 0.400 -3.010
00957 3.048 0.398 -3.010
00958 3.035 0.396 -3.010
00959 2.995 0.391 -3.010
00960 2.982 0.389 -3.010
00961 2.956 0.385 -3.010
00962 2.933 0.382 -3.010
00963 2.813 0.367 -3.028
00964 2.811 0.367 -3.028
00965 2.810 0.367 -3.028
00966 2.809 0.367 -3.028
00967 2.805 0.367 -3.045
00968 2.804 0.366 -3.045
00969 2.801 0.366 -3.045
00970 2.801 0.366 -3.045
00971 2.801 0.366 -3.045
00972 2.802 0.366 -3.045
00973 2.803 0.366 -3.045
00974 2.803 0.366 -3.045
00975 2.803 0.366 -3.045
00976 2.803 0.366 -3.045
00977 2.803 0.366 -3.045
00978 2.803 0.366 -3.045
00979 2.804 0.366 -3.045
00980 2.804 0.366 -3.045
00981 2.804 0.366 -3.045
00982 2.804 0.366 -3.045
00983 2.804 0.366 -3.045
00984 2.804 0.366 -3.045
00985 2.804 0.366 -3.045
00986 2.803 0.366 -3.045
00987 2.803 0.366 -3.045
00988 2.803 0.366 -3.045
00989 2.803 0.366 -3.045
00990 2.803 0.366 -3.045
00991 2.802 0.366 -3.045
00992 2.801 0.366 -3.045
00993 2.799 0.366 -3.045
00994 2.798 0.366 -3.045
00995 2.792 0.365 -3.045
00996 2.789 0.365 -3.045
00997 2.786 0.365 -3.045
00998 2.780 0.364 -3.045
00999 2.777 0.364 -3.045
01000 2.769 0.363 -3.028
01001 2.767 0.363 -3.028
01002 2.764 0.362 -3.028
01003 2.763 0.362 -3.045
01004 2.763 0.362 -3.045
01005 2.763 0.362 -3.045
01006 2.764 0.362 -3.045
01007 2.766 0.363 -3.045
01008 2.767 0.363 -3.045
01009 2.767 0.363 -3.045
01010 2.768 0.363 -3.045
01011 2.768 0.363 -3.045
01012 2.768 0.363 -3.045
01013 2.768 0.363 -3.045
01014 2.768 0.363 -3.045
01015 2.768 0.363 -3.045
01016 2.768 0.363 -3.045
01017 2.768 0.363 -3.045
01018 2.768 0.363 -3.045
01019 2.768 0.363 -3.045
01020 2.768 0.363 -3.045
01021 2.768 0.363 -3.045
01022 2.768 0.363 -3.045
01023 2.768 0.363 -3.045
01024 2.768 0.363 -3.045
