071 076 130 066,0.00 0.00 -0.45
071 076 131 066,0.00 0.00 -0.45
071 076 132 066,-0.00 0.00 -0.45
071 076 132 066,-0.00 0.00 -0.45
071 076 132 066,-0.00 0.00 -0.45
071 076 132 066,-0.00 -0.00 -0.45
071 076 118 066,-0.00 -0.00 -0.45
071 076 120 066,-0.00 0.00 -0.45
071 076 102 066,-0.00 0.00 -0.45
071 076 131 066,-0.00 0.00 -0.45
071 076 132 066,-0.00 0.00 -0.45
071 076 132 066,-0.00 -0.00 -0.45
071 076 132 066,-0.00 0.00 -0.45
071 076 132 066,-0.00 0.00 -0.45
071 076 132 066,-0.00 0.00 -0.45
071 076 132 066,-0.00 0.00 -0.45
071 076 132 066,-0.00 0.00 -0.45
071 076 132 066,-0.00 0.00 -0.45
071 076 132 066,-0.00 0.00 -0.45
071 076 132 066,-0.00 0.00 -0.45
071 076 132 066,-0.00 0.00 -0.45
071 076 132 066,-0.00 0.00 -0.45
071 076 132 066,-0.00 0.00 -0.45
071 076 132 066,-0.00 0.00 -0.45
071 076 132 066,-0.00 0.00 -0.45
071 076 132 066,-0.00 0.00 -0.45
071 076 132 066,-0.00 0.00 -0.45
071 076 132 066,-0.00 0.00 -0.45
071 076 132 066,-0.00 0.00 -0.45
071 076 132 066,-0.00 0.00 -0.45
071 075 132 066,-0.00 0.00 -0.45
071 076 132 066,-0.00 0.00 -0.45
071 076 132 066,-0.00 0.00 -0.45
071 076 132 066,-0.00 0.00 -0.45
071 076 132 066,-0.00 0.00 -0.45
071 076 132 066,-0.00 0.00 -0.45
071 076 132 066,-0.00 0.00 -0.45
071 076 132 066,-0.00 0.00 -0.45
071 076 132 066,-0.00 0.00 -0.45
071 076 132 066,-0.00 0.00 -0.45
071 076 132 066,-0.00 0.00 -0.45
071 076 132 066,-0.00 0.00 -0.45
071 076 132 066,-0.00 0.00 -0.45
071 076 132 066,-0.00 0.00 -0.45
071 076 132 066,-0.00 0.00 -0.45
071 076 132 066,-0.00 0.00 -0.45
071 076 132 066,-0.00 0.00 -0.45
071 076 132 066,-0.00 0.00 -0.45
071 076 132 066,-0.00 0.00 -0.45
071 076 132 066,-0.00 0.00 -0.45
071 076 132 066,-0.00 0.00 -0.45
071 076 132 066,-0.00 0.00 -0.45
071 076 132 066,-0.00 0.00 -0.45
071 076 132 066,-0.00 0.00 -0.45
071 076 132 066,-0.00 0.00 -0.45
071 076 132 066,-0.00 0.00 -0.45
071 076 132 066,-0.00 0.00 -0.45
071 076 132 066,-0.00 0.00 -0.45
071 076 132 066,-0.00 0.00 -0.45
071 076 132 066,-0.00 -0.00 -0.45
071 076 132 066,-0.00 -0.00 -0.45
071 076 132 066,-0.00 -0.00 -0.45
071 076 132 066,-0.00 -0.00 -0.45
071 076 132 066,0.00 -0.00 -0.45
071 076 132 066,0.00 -0.00 -0.45
071 076 132 066,0.00 -0.00 -0.45
071 076 132 066,0.00 0.00 -0.45
071 076 132 066,0.00 0.00 -0.45
071 076 132 066,0.00 0.00 -0.45
071 076 132 066,0.00 0.00 -0.45
071 075 132 066,0.00 0.00 -0.45
071 074 132 066,0.00 0.00 -0.45
071 076 132 066,0.00 -0.00 -0.45
071 076 132 066,0.00 -0.00 -0.45
071 076 132 066,0.00 -0.00 -0.45
071 076 132 066,0.00 -0.00 -0.45
071 075 132 066,0.00 -0.00 -0.45
071 076 132 066,0.00 -0.00 -0.45
071 075 132 066,0.00 -0.00 -0.45
071 074 132 066,0.00 -0.00 -0.45
071 075 132 066,0.00 -0.00 -0.45
071 076 132 066,0.00 -0.00 -0.45
071 075 132 066,0.00 -0.00 -0.45
071 076 132 066,0.00 -0.00 -0.45
071 076 132 066,0.00 -0.00 -0.45
071 076 132 066,0.00 -0.00 -0.45
071 076 132 066,0.00 -0.00 -0.45
071 076 132 066,0.00 -0.00 -0.45
071 076 132 066,0.00 -0.00 -0.45
071 075 132 066,0.00 -0.00 -0.45
071 076 132 066,0.00 -0.00 -0.45
071 076 132 066,0.00 -0.00 -0.45
071 076 132 066,0.00 -0.00 -0.45
071 076 132 066,0.00 -0.00 -0.45
071 076 132 066,0.00 -0.00 -0.45
071 076 132 066,0.00 -0.00 -0.45
071 076 132 066,0.00 -0.00 -0.45
071 075 132 066,0.00 -0.00 -0.45
071 076 132 066,0.00 -0.00 -0.45
071 076 132 066,0.00 -0.00 -0.45
071 076 132 066,0.00 -0.00 -0.45
071 076 132 066,0.00 -0.00 -0.45
071 075 132 066,0.00 -0.00 -0.45
071 074 132 066,0.00 -0.00 -0.45
071 076 132 066,0.00 -0.00 -0.45
071 075 132 066,0.00 -0.00 -0.45
071 074 132 066,0.00 -0.00 -0.45
071 075 132 066,0.00 -0.00 -0.45
071 076 132 066,0.00 -0.00 -0.45
071 075 132 066,0.00 -0.00 -0.45
071 076 132 066,0.00 -0.00 -0.45
071 075 132 066,0.00 -0.00 -0.45
071 076 132 066,0.00 -0.00 -0.45
071 076 132 066,0.00 -0.00 -0.45
071 077 132 066,0.00 -0.00 -0.45
071 075 132 066,0.00 -0.00 -0.45
071 076 132 066,0.00 -0.00 -0.45
071 076 132 066,0.00 -0.00 -0.45
071 076 132 066,0.00 -0.00 -0.45
071 076 132 066,0.00 -0.00 -0.45
071 076 132 066,0.00 -0.00 -0.45
071 075 132 066,0.00 -0.00 -0.45
071 074 132 066,0.00 -0.00 -0.45
071 076 132 066,0.00 -0.00 -0.45
071 076 132 066,0.00 -0.00 -0.45
071 075 132 066,0.00 -0.00 -0.45
071 074 132 066,0.00 -0.00 -0.45
071 076 132 066,0.00 -0.00 -0.45
071 075 132 066,0.00 -0.00 -0.45
071 074 132 066,0.00 -0.00 -0.45
071 074 132 066,0.00 -0.00 -0.45
071 074 132 066,0.00 -0.00 -0.45
071 074 132 066,-0.00 0.00 -0.45
071 074 132 066,-0.00 -0.00 -0.45
071 074 132 066,-0.00 -0.00 -0.45
071 075 132 066,-0.00 -0.00 -0.45
071 075 132 066,-0.00 -0.00 -0.45
071 074 132 066,-0.00 -0.00 -0.45
071 074 132 066,-0.00 -0.00 -0.45
071 074 132 066,-0.00 -0.00 -0.45
071 075 132 066,-0.00 -0.00 -0.45
071 075 132 066,-0.00 -0.00 -0.45
071 074 132 066,-0.00 -0.00 -0.45
071 074 132 066,-0.00 -0.00 -0.45
071 074 132 066,0.00 -0.00 -0.45
071 074 132 066,0.00 -0.00 -0.45
071 075 132 066,0.00 -0.00 -0.45
071 076 132 066,0.00 -0.00 -0.45
071 075 132 066,0.00 -0.00 -0.45
071 076 132 066,0.00 -0.00 -0.45
071 076 132 066,0.00 -0.00 -0.45
071 076 132 066,0.00 -0.00 -0.45
071 076 132 066,0.00 -0.00 -0.45
071 076 132 066,0.00 -0.00 -0.45
071 075 132 066,0.00 -0.00 -0.45
071 076 132 066,0.00 -0.00 -0.45
071 076 132 066,0.00 -0.00 -0.45
071 076 132 066,0.00 -0.00 -0.45
071 076 132 066,0.00 -0.00 -0.45
071 076 132 066,0.00 -0.00 -0.45
071 076 132 066,0.00 -0.00 -0.45
071 076 132 066,0.00 -0.00 -0.45
070 076 132 066,0.00 -0.00 -0.45
071 077 132 066,0.00 -0.00 -0.45
071 081 132 066,0.00 -0.00 -0.45
071 116 132 066,0.00 -0.00 -0.45
071 120 132 066,0.00 -0.00 -0.45
071 120 132 066,0.00 -0.00 -0.45
051 120 132 066,0.00 -0.00 -0.45
077 091 132 066,0.00 -0.00 -0.45
078 082 132 066,0.00 -0.00 -0.45
077 078 132 066,0.00 -0.00 -0.47
076 077 132 066,0.00 -0.00 -0.47
073 075 132 066,0.00 -0.00 -0.47
070 075 131 066,0.00 -0.00 -0.47
070 074 131 066,0.01 -0.00 -0.47
069 075 130 066,0.01 -0.00 -0.47
072 085 130 066,0.01 -0.00 -0.47
070 087 130 066,0.01 -0.00 -0.51
069 078 130 066,0.01 -0.01 -0.51
069 101 130 066,0.01 -0.01 -0.51
069 077 130 066,0.01 -0.01 -0.51
069 076 130 066,0.02 -0.01 -0.52
069 075 130 066,0.02 -0.01 -0.52
072 076 130 066,0.02 -0.01 -0.52
069 075 130 066,0.02 -0.01 -0.58
069 061 129 065,0.02 -0.01 -0.58
069 056 129 064,0.03 -0.01 -0.58
069 055 129 064,0.03 -0.02 -0.58
069 054 129 064,0.03 -0.02 -0.61
069 054 129 064,0.03 -0.02 -0.61
072 054 115 064,0.04 -0.02 -0.61
070 055 101 064,0.04 -0.02 -0.66
069 076 071 064,0.04 -0.02 -0.66
070 083 070 064,0.04 -0.02 -0.66
071 085 069 064,0.04 -0.03 -0.66
070 119 069 064,0.04 -0.03 -0.68
071 105 069 064,0.04 -0.03 -0.68
071 134 069 064,0.04 -0.03 -0.68
070 134 069 064,0.04 -0.03 -0.68
069 134 069 063,0.04 -0.03 -0.68
068 134 069 064,0.04 -0.03 -0.68
068 127 069 064,0.04 -0.03 -0.68
069 090 069 064,0.04 -0.03 -0.68
069 086 069 064,0.04 -0.03 -0.68
068 085 070 064,0.05 -0.03 -0.68
068 085 070 064,0.05 -0.03 -0.68
069 086 069 064,0.05 -0.03 -0.70
069 086 069 064,0.05 -0.03 -0.70
069 118 069 064,0.05 -0.03 -0.70
069 104 069 064,0.05 -0.04 -0.70
069 134 069 064,0.06 -0.04 -0.72
068 126 068 064,0.06 -0.04 -0.72
068 091 068 064,0.06 -0.04 -0.72
069 120 068 063,0.07 -0.05 -0.73
068 120 068 063,0.07 -0.05 -0.73
068 089 068 062,0.07 -0.05 -0.73
068 087 068 062,0.08 -0.06 -0.73
068 119 068 062,0.08 -0.06 -0.77
066 103 066 062,0.09 -0.07 -0.77
066 122 066 062,0.09 -0.07 -0.77
066 120 066 062,0.10 -0.08 -0.77
066 127 066 061,0.10 -0.08 -0.75
066 121 065 061,0.11 -0.09 -0.75
066 119 065 061,0.11 -0.09 -0.75
066 120 065 061,0.12 -0.10 -0.72
065 083 065 061,0.13 -0.11 -0.72
064 079 066 061,0.14 -0.11 -0.72
064 078 066 061,0.14 -0.12 -0.72
064 077 065 060,0.15 -0.13 -0.68
064 075 064 059,0.16 -0.13 -0.68
064 076 064 059,0.17 -0.14 -0.68
063 075 064 059,0.18 -0.15 -0.65
065 074 064 059,0.19 -0.15 -0.65
063 080 065 058,0.20 -0.16 -0.65
065 114 067 057,0.21 -0.17 -0.65
066 117 067 057,0.21 -0.17 -0.63
075 086 067 057,0.23 -0.18 -0.63
043 079 094 057,0.23 -0.19 -0.63
057 071 099 057,0.24 -0.19 -0.63
061 069 094 057,0.25 -0.20 -0.59
063 068 098 056,0.26 -0.20 -0.59
037 066 092 056,0.27 -0.21 -0.59
028 069 098 056,0.28 -0.22 -0.61
027 066 091 056,0.29 -0.22 -0.61
033 066 097 056,0.30 -0.23 -0.61
026 066 065 056,0.31 -0.24 -0.61
025 095 062 056,0.32 -0.24 -0.63
024 098 061 056,0.32 -0.25 -0.63
024 096 060 054,0.34 -0.26 -0.63
023 078 059 054,0.34 -0.26 -0.63
023 101 059 054,0.35 -0.27 -0.63
023 068 059 054,0.36 -0.28 -0.63
023 093 059 054,0.37 -0.28 -0.63
024 100 059 054,0.37 -0.29 -0.63
025 077 059 054,0.39 -0.29 -0.63
025 102 059 053,0.39 -0.30 -0.63
026 102 058 052,0.40 -0.30 -0.63
028 100 057 052,0.41 -0.31 -0.65
027 100 057 052,0.42 -0.32 -0.65
027 100 057 052,0.42 -0.32 -0.65
026 099 057 052,0.43 -0.33 -0.63
025 098 057 052,0.43 -0.33 -0.63
051 097 057 051,0.45 -0.34 -0.63
025 097 057 076,0.45 -0.34 -0.63
025 096 057 051,0.46 -0.35 -0.61
026 095 056 051,0.47 -0.35 -0.61
028 095 057 051,0.47 -0.36 -0.61
027 095 056 051,0.48 -0.36 -0.61
027 092 056 051,0.49 -0.37 -0.58
027 092 056 051,0.50 -0.38 -0.58
027 099 056 051,0.51 -0.38 -0.58
027 084 057 051,0.52 -0.39 -0.52
027 087 057 049,0.53 -0.39 -0.52
027 088 057 049,0.54 -0.40 -0.52
027 087 057 050,0.55 -0.40 -0.52
027 085 057 050,0.56 -0.41 -0.45
027 070 058 050,0.57 -0.41 -0.45
027 073 069 050,0.58 -0.42 -0.45
027 041 073 050,0.59 -0.42 -0.45
027 068 074 050,0.59 -0.42 -0.42
026 074 074 050,0.61 -0.43 -0.42
026 042 073 050,0.61 -0.43 -0.42
027 027 072 050,0.62 -0.44 -0.40
027 056 071 050,0.63 -0.44 -0.40
026 044 073 050,0.64 -0.45 -0.40
026 039 072 050,0.65 -0.45 -0.40
027 039 072 050,0.66 -0.45 -0.40
027 063 123 050,0.67 -0.46 -0.40
026 072 139 050,0.68 -0.46 -0.40
025 040 143 050,0.69 -0.47 -0.40
025 038 144 050,0.70 -0.47 -0.40
025 037 143 050,0.71 -0.48 -0.40
025 037 142 050,0.72 -0.48 -0.40
025 037 141 050,0.73 -0.48 -0.42
026 037 141 050,0.75 -0.49 -0.42
025 037 114 050,0.76 -0.49 -0.42
026 037 122 050,0.76 -0.50 -0.42
025 037 132 050,0.78 -0.51 -0.42
026 038 110 050,0.79 -0.51 -0.42
027 038 071 050,0.80 -0.51 -0.42
027 029 088 050,0.82 -0.52 -0.44
027 044 126 050,0.83 -0.53 -0.44
027 040 130 050,0.83 -0.53 -0.44
027 038 083 050,0.85 -0.54 -0.44
027 037 067 050,0.86 -0.54 -0.44
027 026 061 050,0.87 -0.55 -0.44
027 056 060 050,0.89 -0.56 -0.44
027 056 059 049,0.90 -0.56 -0.44
027 045 097 050,0.91 -0.56 -0.42
027 026 106 050,0.93 -0.57 -0.42
027 075 109 050,0.94 -0.58 -0.42
027 083 110 050,0.95 -0.58 -0.37
028 083 116 050,0.97 -0.59 -0.37
028 063 109 050,0.98 -0.59 -0.37
029 052 106 049,0.99 -0.60 -0.37
030 081 105 050,1.02 -0.61 -0.33
030 053 111 052,1.03 -0.61 -0.33
029 051 106 051,1.04 -0.61 -0.33
029 072 103 048,1.07 -0.62 -0.33
028 100 108 046,1.08 -0.63 -0.28
028 093 108 046,1.09 -0.63 -0.28
028 057 108 045,1.11 -0.64 -0.28
028 064 108 047,1.13 -0.64 -0.23
027 054 126 047,1.15 -0.65 -0.23
027 076 103 047,1.16 -0.65 -0.23
027 041 103 048,1.18 -0.65 -0.23
027 044 103 049,1.20 -0.66 -0.21
026 044 102 049,1.21 -0.66 -0.21
025 038 102 050,1.22 -0.66 -0.21
051 065 100 055,1.25 -0.66 -0.19
025 082 100 057,1.26 -0.67 -0.19
024 113 099 064,1.27 -0.67 -0.19
023 084 098 059,1.29 -0.67 -0.19
023 062 098 058,1.30 -0.67 -0.17
023 057 097 058,1.31 -0.68 -0.17
023 042 097 059,1.33 -0.68 -0.17
022 028 095 059,1.34 -0.68 -0.17
022 041 095 059,1.35 -0.68 -0.17
022 027 095 060,1.37 -0.69 -0.17
022 054 094 061,1.38 -0.69 -0.17
022 055 093 061,1.39 -0.69 -0.21
020 040 093 061,1.41 -0.70 -0.21
020 035 093 054,1.42 -0.70 -0.21
020 047 093 085,1.43 -0.70 -0.21
020 050 094 086,1.45 -0.71 -0.21
019 059 091 086,1.47 -0.71 -0.21
017 061 090 070,1.48 -0.71 -0.21
016 062 114 066,1.50 -0.71 -0.21
015 062 122 065,1.51 -0.72 -0.19
015 062 124 064,1.52 -0.72 -0.19
014 064 124 052,1.54 -0.72 -0.19
013 064 124 080,1.55 -0.72 -0.16
014 064 090 081,1.57 -0.73 -0.16
016 064 113 081,1.59 -0.73 -0.16
019 063 094 079,1.60 -0.73 -0.16
018 063 089 101,1.63 -0.74 -0.12
018 062 087 076,1.64 -0.74 -0.12
016 062 112 077,1.65 -0.74 -0.12
015 061 120 076,1.68 -0.74 -0.12
015 061 122 076,1.69 -0.74 -0.12
015 087 163 076,1.70 -0.74 -0.12
014 097 185 076,1.73 -0.75 -0.12
014 100 217 075,1.74 -0.75 -0.10
012 098 219 074,1.76 -0.75 -0.10
012 063 220 074,1.78 -0.75 -0.10
012 060 220 074,1.80 -0.75 -0.10
011 059 220 073,1.81 -0.76 -0.09
011 090 220 074,1.84 -0.76 -0.09
011 092 220 074,1.85 -0.76 -0.09
011 092 220 075,1.87 -0.76 -0.07
011 091 220 077,1.89 -0.76 -0.07
013 091 220 075,1.91 -0.76 -0.07
013 096 220 075,1.92 -0.76 -0.07
014 082 220 076,1.95 -0.77 -0.05
022 116 220 076,1.96 -0.77 -0.05
048 107 220 076,1.98 -0.77 -0.05
072 095 220 077,2.00 -0.77 -0.05
063 091 220 078,2.02 -0.77 -0.05
060 090 220 078,2.03 -0.77 -0.05
058 086 220 078,2.06 -0.77 -0.05
037 083 220 079,2.07 -0.77 -0.05
050 082 220 079,2.08 -0.77 -0.05
053 150 220 142,2.11 -0.77 -0.05
053 181 220 195,2.12 -0.77 -0.05
055 216 220 179,2.13 -0.78 -0.07
054 219 220 207,2.16 -0.78 -0.07
054 220 220 208,2.17 -0.78 -0.07
054 220 220 208,2.20 -0.78 -0.07
055 220 311 209,2.21 -0.78 -0.09
055 220 415 209,2.23 -0.78 -0.09
054 220 456 209,2.25 -0.78 -0.09
054 220 459 209,2.26 -0.79 -0.10
062 220 333 209,2.28 -0.79 -0.10
063 220 350 209,2.30 -0.79 -0.10
064 176 412 182,2.31 -0.79 -0.10
064 153 448 172,2.33 -0.79 -0.12
064 165 451 169,2.35 -0.80 -0.12
064 185 451 168,2.36 -0.80 -0.12
063 167 450 168,2.37 -0.80 -0.12
063 118 450 169,2.40 -0.80 -0.16
062 109 449 168,2.41 -0.80 -0.16
062 105 446 191,2.42 -0.81 -0.16
064 127 445 202,2.44 -0.81 -0.21
065 099 443 172,2.46 -0.81 -0.21
180 096 319 177,2.47 -0.82 -0.21
326 094 333 171,2.49 -0.82 -0.21
373 093 396 169,2.50 -0.83 -0.26
379 092 313 169,2.51 -0.83 -0.26
381 090 208 169,2.54 -0.83 -0.26
374 088 192 171,2.55 -0.84 -0.33
378 085 186 168,2.56 -0.84 -0.33
381 084 181 167,2.58 -0.85 -0.33
380 081 203 165,2.59 -0.85 -0.33
382 079 177 165,2.60 -0.86 -0.42
381 077 296 164,2.62 -0.87 -0.42
263 075 278 164,2.63 -0.87 -0.42
150 075 188 164,2.64 -0.88 -0.42
162 073 201 164,2.66 -0.89 -0.51
184 070 170 164,2.67 -0.89 -0.51
301 068 167 163,2.69 -0.90 -0.51
339 068 168 163,2.70 -0.91 -0.61
252 117 169 163,2.70 -0.91 -0.61
140 120 167 162,2.72 -0.93 -0.61
093 077 166 161,2.73 -0.93 -0.61
211 117 166 161,2.74 -0.94 -0.70
325 163 166 161,2.75 -0.95 -0.70
244 170 165 161,2.76 -0.96 -0.70
118 172 165 160,2.76 -0.96 -0.70
085 179 163 159,2.77 -0.98 -0.82
081 215 163 159,2.78 -0.98 -0.82
060 219 162 158,2.79 -0.99 -0.82
054 297 162 158,2.80 -1.00 -0.93
076 363 163 158,2.80 -1.01 -0.93
050 399 160 158,2.80 -1.01 -0.93
052 291 158 158,2.81 -1.03 -0.93
052 214 158 158,2.82 -1.03 -1.05
068 168 158 158,2.82 -1.04 -1.05
064 160 159 156,2.83 -1.05 -1.05
061 271 158 157,2.83 -1.06 -1.19
061 348 157 157,2.83 -1.07 -1.19
060 363 155 156,2.84 -1.08 -1.19
059 393 154 157,2.84 -1.09 -1.19
059 394 153 157,2.84 -1.09 -1.33
059 394 153 156,2.85 -1.11 -1.33
059 394 153 156,2.85 -1.11 -1.33
060 394 153 156,2.85 -1.12 -1.33
061 263 151 156,2.85 -1.13 -1.47
062 177 151 155,2.85 -1.14 -1.47
062 131 150 147,2.85 -1.15 -1.47
126 152 149 146,2.85 -1.15 -1.59
147 230 148 145,2.85 -1.16 -1.59
129 211 148 144,2.85 -1.17 -1.59
232 167 146 144,2.85 -1.17 -1.59
334 130 146 144,2.85 -1.18 -1.71
376 153 146 144,2.85 -1.19 -1.71
381 133 146 143,2.85 -1.19 -1.71
283 135 145 144,2.85 -1.20 -1.71
317 136 144 144,2.84 -1.21 -1.83
373 137 144 143,2.84 -1.21 -1.83
383 137 144 151,2.84 -1.22 -1.83
384 136 144 153,2.84 -1.22 -1.94
385 135 143 147,2.84 -1.23 -1.94
385 134 142 152,2.84 -1.23 -1.94
385 134 142 128,2.83 -1.24 -1.94
281 133 142 153,2.83 -1.24 -2.04
170 132 142 147,2.83 -1.24 -2.04
151 133 141 151,2.83 -1.25 -2.04
119 136 142 152,2.82 -1.26 -2.04
116 146 142 152,2.82 -1.26 -2.13
115 150 141 152,2.82 -1.27 -2.13
114 131 142 152,2.81 -1.27 -2.13
114 152 141 152,2.81 -1.27 -2.23
112 129 141 154,2.81 -1.28 -2.23
112 130 141 154,2.80 -1.28 -2.23
112 129 146 154,2.80 -1.29 -2.23
112 130 141 179,2.80 -1.29 -2.34
112 129 143 155,2.79 -1.29 -2.34
112 131 138 141,2.79 -1.30 -2.34
112 131 139 102,2.78 -1.30 -2.41
112 135 138 097,2.78 -1.31 -2.41
112 132 137 095,2.77 -1.31 -2.41
108 131 136 095,2.77 -1.32 -2.41
107 131 136 095,2.76 -1.32 -2.48
111 130 141 095,2.75 -1.33 -2.48
114 129 137 095,2.75 -1.33 -2.48
115 129 134 095,2.74 -1.33 -2.48
116 128 138 095,2.73 -1.34 -2.51
118 126 140 095,2.73 -1.35 -2.51
107 124 135 095,2.72 -1.35 -2.51
112 124 138 095,2.71 -1.36 -2.55
119 124 130 095,2.70 -1.36 -2.55
121 124 128 095,2.70 -1.37 -2.55
122 122 134 095,2.68 -1.38 -2.55
116 121 129 095,2.67 -1.38 -2.62
114 119 134 095,2.67 -1.39 -2.62
121 119 135 094,2.65 -1.39 -2.62
121 117 152 093,2.65 -1.40 -2.62
114 117 130 093,2.64 -1.40 -2.69
111 116 123 093,2.62 -1.41 -2.69
109 115 103 093,2.62 -1.41 -2.69
109 114 129 093,2.61 -1.41 -2.79
108 114 129 093,2.59 -1.42 -2.79
107 113 128 092,2.58 -1.42 -2.79
107 113 127 091,2.58 -1.43 -2.79
107 113 127 091,2.56 -1.43 -2.91
107 113 126 091,2.56 -1.43 -2.91
107 112 125 091,2.55 -1.43 -2.91
107 112 125 090,2.54 -1.43 -2.91
107 112 125 090,2.53 -1.43 -3.02
107 112 106 090,2.53 -1.43 -3.02
107 112 099 090,2.52 -1.44 -3.02
107 112 096 090,2.51 -1.44 -3.12
107 112 094 090,2.50 -1.44 -3.12
107 113 093 090,2.50 -1.44 -3.12
107 116 092 088,2.49 -1.44 -3.12
107 114 092 089,2.48 -1.44 3.07
107 115 091 088,2.47 -1.43 3.07
105 114 090 088,2.47 -1.43 3.07
105 115 090 088,2.45 -1.43 3.00
105 115 090 088,2.45 -1.43 3.00
105 115 090 088,2.44 -1.43 3.00
105 123 088 087,2.42 -1.43 3.00
105 118 088 086,2.42 -1.43 2.97
105 115 087 086,2.41 -1.42 2.97
105 113 086 086,2.39 -1.42 2.97
105 111 086 085,2.38 -1.42 2.97
105 110 085 085,2.37 -1.42 2.93
106 108 085 085,2.36 -1.41 2.93
105 098 085 083,2.35 -1.41 2.93
105 095 085 083,2.34 -1.41 2.90
106 092 083 083,2.32 -1.40 2.90
106 090 083 082,2.31 -1.40 2.90
107 089 082 081,2.30 -1.40 2.90
107 087 081 080,2.28 -1.39 2.86
107 085 081 080,2.27 -1.39 2.86
074 084 080 079,2.26 -1.39 2.86
029 082 080 078,2.24 -1.38 2.86
048 081 078 078,2.23 -1.38 2.83
020 079 078 077,2.22 -1.38 2.83
019 078 078 102,2.20 -1.37 2.83
020 078 077 076,2.20 -1.37 2.81
020 077 102 075,2.19 -1.37 2.81
019 075 075 074,2.17 -1.36 2.81
018 075 074 074,2.16 -1.36 2.81
018 073 074 073,2.14 -1.35 2.79
018 072 073 073,2.13 -1.35 2.79
018 071 073 072,2.12 -1.34 2.79
019 070 072 070,2.11 -1.34 2.79
020 069 071 069,2.10 -1.33 2.79
019 068 071 069,2.09 -1.33 2.79
018 067 071 068,2.07 -1.32 2.79
018 071 070 068,2.06 -1.32 2.83
018 040 069 066,2.05 -1.32 2.83
019 037 069 066,2.04 -1.31 2.83
020 037 069 065,2.03 -1.31 2.83
021 035 069 064,2.02 -1.31 2.84
024 036 068 064,2.00 -1.30 2.84
025 036 069 064,1.99 -1.30 2.84
025 035 069 064,1.98 -1.30 2.86
024 050 069 064,1.97 -1.29 2.86
023 056 078 063,1.96 -1.29 2.86
023 058 114 063,1.95 -1.29 2.86
023 059 144 062,1.93 -1.28 2.86
023 057 106 062,1.92 -1.28 2.86
023 061 092 061,1.90 -1.27 2.86
023 061 087 061,1.88 -1.27 2.86
023 057 157 061,1.87 -1.26 2.84
023 056 246 061,1.86 -1.26 2.84
023 057 161 061,1.84 -1.25 2.84
023 057 118 060,1.83 -1.25 2.78
023 056 110 059,1.82 -1.25 2.78
023 055 159 059,1.79 -1.24 2.78
023 053 243 059,1.78 -1.23 2.78
023 055 251 058,1.76 -1.22 2.74
023 075 161 057,1.75 -1.22 2.74
023 051 188 057,1.74 -1.21 2.74
023 060 173 057,1.72 -1.20 2.74
023 055 117 057,1.71 -1.20 2.72
023 052 172 057,1.70 -1.19 2.72
023 067 154 057,1.67 -1.18 2.72
023 071 120 056,1.66 -1.18 2.71
023 071 082 056,1.65 -1.17 2.71
023 071 077 056,1.63 -1.16 2.71
023 125 087 057,1.62 -1.16 2.71
023 175 090 057,1.61 -1.15 2.72
023 128 090 065,1.59 -1.15 2.72
023 088 088 067,1.58 -1.14 2.72
023 083 088 067,1.57 -1.14 2.72
023 124 116 059,1.54 -1.12 2.72
023 170 120 064,1.53 -1.12 2.72
023 175 088 058,1.52 -1.11 2.72
023 176 084 056,1.50 -1.10 2.74
023 175 083 056,1.48 -1.10 2.74
023 174 083 053,1.47 -1.09 2.74
023 172 082 053,1.45 -1.08 2.74
023 170 150 051,1.44 -1.08 2.74
023 170 181 051,1.43 -1.08 2.74
023 168 215 051,1.41 -1.07 2.74
023 167 216 052,1.39 -1.06 2.72
023 104 172 052,1.37 -1.05 2.72
023 109 081 053,1.36 -1.05 2.72
024 153 101 055,1.35 -1.04 2.72
025 156 067 055,1.33 -1.03 2.72
025 156 064 056,1.32 -1.03 2.72
024 155 063 054,1.30 -1.02 2.72
020 153 063 054,1.28 -1.01 2.72
019 153 062 054,1.27 -1.00 2.69
018 151 062 054,1.26 -1.00 2.69
018 150 062 054,1.23 -0.99 2.69
018 148 062 054,1.22 -0.98 2.67
018 146 062 054,1.21 -0.98 2.67
018 144 061 054,1.19 -0.96 2.67
018 142 061 054,1.17 -0.96 2.67
018 140 062 054,1.16 -0.95 2.65
018 138 061 054,1.14 -0.94 2.65
018 137 061 054,1.13 -0.93 2.65
018 095 062 054,1.11 -0.93 2.67
019 072 061 054,1.09 -0.91 2.67
023 039 061 054,1.08 -0.91 2.67
024 037 061 054,1.07 -0.90 2.67
025 036 063 054,1.04 -0.89 2.67
025 037 061 054,1.03 -0.88 2.67
025 037 114 054,1.02 -0.88 2.67
025 037 110 054,0.99 -0.86 2.67
025 037 066 053,0.98 -0.86 2.69
025 037 060 052,0.96 -0.85 2.69
025 037 058 052,0.94 -0.84 2.69
025 037 058 051,0.93 -0.83 2.71
026 037 057 076,0.91 -0.83 2.71
025 037 057 051,0.89 -0.81 2.71
026 037 057 051,0.88 -0.81 2.71
025 037 057 051,0.85 -0.80 2.71
025 037 057 051,0.84 -0.79 2.71
025 037 057 051,0.83 -0.79 2.71
025 037 057 051,0.80 -0.78 2.71
026 037 057 051,0.79 -0.77 2.71
027 037 057 051,0.78 -0.76 2.71
027 038 057 051,0.75 -0.75 2.71
027 037 057 051,0.74 -0.74 2.71
027 037 057 051,0.73 -0.74 2.71
027 037 057 051,0.70 -0.73 2.71
027 037 057 049,0.69 -0.72 2.71
027 037 057 050,0.68 -0.72 2.71
027 037 056 049,0.65 -0.70 2.71
027 037 056 049,0.64 -0.70 2.71
027 038 057 049,0.63 -0.69 2.71
027 038 056 049,0.60 -0.68 2.71
027 037 057 049,0.59 -0.68 2.71
027 037 079 049,0.58 -0.67 2.71
027 037 119 050,0.56 -0.66 2.71
027 037 122 049,0.54 -0.65 2.71
027 037 122 049,0.53 -0.65 2.71
027 037 121 049,0.51 -0.64 2.71
027 037 120 049,0.49 -0.63 2.71
027 038 119 049,0.48 -0.63 2.71
027 037 118 050,0.46 -0.61 2.71
027 038 116 054,0.45 -0.61 2.72
027 038 113 052,0.43 -0.60 2.72
027 037 111 050,0.41 -0.59 2.72
027 037 109 049,0.40 -0.59 2.72
028 037 107 049,0.38 -0.58 2.72
027 038 106 050,0.36 -0.57 2.72
027 038 105 050,0.35 -0.56 2.72
027 039 103 097,0.32 -0.55 2.72
027 039 101 133,0.31 -0.55 2.72
027 039 099 155,0.30 -0.54 2.72
027 039 097 165,0.28 -0.53 2.72
027 039 096 183,0.26 -0.53 2.72
028 039 094 227,0.25 -0.52 2.72
027 037 092 170,0.23 -0.51 2.72
027 038 090 169,0.22 -0.51 2.72
027 038 089 178,0.20 -0.50 2.72
027 039 088 180,0.18 -0.49 2.72
027 039 087 180,0.17 -0.48 2.72
027 039 084 180,0.15 -0.48 2.72
028 039 082 204,0.13 -0.47 2.72
028 039 081 177,0.12 -0.46 2.72
028 039 081 175,0.10 -0.46 2.72
028 039 081 174,0.08 -0.45 2.71
028 039 102 173,0.07 -0.44 2.71
028 039 102 172,0.06 -0.43 2.71
028 039 081 170,0.03 -0.42 2.71
028 039 100 170,0.02 -0.42 2.71
028 039 071 170,0.01 -0.41 2.71
028 039 069 168,-0.01 -0.40 2.71
028 039 066 167,-0.02 -0.40 2.71
028 039 063 166,-0.03 -0.39 2.71
028 039 062 165,-0.05 -0.38 2.71
028 039 060 165,-0.06 -0.38 2.71
028 039 058 163,-0.07 -0.37 2.69
028 039 056 162,-0.09 -0.36 2.69
028 039 056 161,-0.10 -0.36 2.69
028 040 055 161,-0.12 -0.35 2.69
028 040 053 160,-0.13 -0.34 2.67
028 040 051 159,-0.14 -0.34 2.67
028 048 050 159,-0.16 -0.33 2.67
028 025 048 158,-0.17 -0.33 2.67
030 076 047 158,-0.17 -0.32 2.67
028 049 046 157,-0.19 -0.31 2.67
026 048 044 156,-0.20 -0.31 2.67
025 047 044 156,-0.20 -0.31 2.64
024 047 043 155,-0.22 -0.30 2.64
024 046 042 154,-0.22 -0.30 2.64
023 046 041 154,-0.23 -0.29 2.64
023 045 040 154,-0.24 -0.29 2.60
023 043 039 179,-0.24 -0.28 2.60
024 042 039 153,-0.25 -0.28 2.60
025 042 039 153,-0.26 -0.28 2.58
025 041 037 153,-0.26 -0.27 2.58
025 039 037 151,-0.27 -0.27 2.58
025 039 037 151,-0.27 -0.27 2.58
025 039 037 151,-0.27 -0.26 2.58
025 039 036 151,-0.28 -0.26 2.58
025 039 035 151,-0.28 -0.26 2.58
025 037 035 150,-0.28 -0.26 2.58
025 037 035 149,-0.28 -0.26 2.58
025 037 035 149,-0.28 -0.26 2.58
025 037 035 149,-0.28 -0.26 2.58
025 038 035 150,-0.28 -0.26 2.58
025 038 035 151,-0.28 -0.26 2.58
025 039 035 151,-0.28 -0.26 2.58
025 039 035 151,-0.28 -0.26 2.58
025 039 035 151,-0.28 -0.26 2.58
025 039 035 151,-0.28 -0.26 2.58
025 039 035 151,-0.28 -0.26 2.58
025 039 035 151,-0.28 -0.26 2.58
025 039 035 151,-0.28 -0.26 2.58
025 039 035 151,-0.28 -0.26 2.58
025 039 035 150,-0.28 -0.26 2.58
025 039 035 149,-0.28 -0.26 2.58
025 039 035 150,-0.28 -0.26 2.58
025 039 035 151,-0.28 -0.26 2.58
025 039 035 151,-0.28 -0.26 2.58
025 039 035 151,-0.28 -0.26 2.58
025 039 035 151,-0.28 -0.26 2.58
025 039 035 151,-0.28 -0.26 2.58
025 039 035 151,-0.28 -0.26 2.58
025 039 035 151,-0.28 -0.26 2.58
025 039 035 151,-0.28 -0.26 2.58
025 039 035 151,-0.28 -0.26 2.58
025 039 035 151,-0.28 -0.26 2.58
025 039 035 151,-0.28 -0.26 2.58
025 039 035 151,-0.28 -0.26 2.58
025 039 035 151,-0.28 -0.26 2.58
025 039 035 151,-0.28 -0.26 2.58
025 039 035 150,-0.28 -0.26 2.58
025 039 035 150,-0.28 -0.26 2.58
025 039 035 151,-0.28 -0.26 2.58
025 039 035 151,-0.28 -0.26 2.58
025 039 035 151,-0.28 -0.26 2.58
025 039 035 150,-0.28 -0.26 2.58
025 039 035 149,-0.28 -0.26 2.58
025 039 035 150,-0.28 -0.26 2.58
025 039 035 151,-0.28 -0.26 2.58
025 039 035 151,-0.28 -0.26 2.58
025 039 035 151,-0.28 -0.26 2.58
025 039 035 151,-0.28 -0.26 2.58
025 039 035 151,-0.28 -0.26 2.58
025 039 035 151,-0.28 -0.26 2.58
025 039 035 151,-0.28 -0.26 2.58
025 039 035 151,-0.28 -0.26 2.58
025 039 035 151,-0.28 -0.26 2.58
025 039 035 151,-0.28 -0.26 2.58
025 037 035 151,-0.28 -0.26 2.58
025 038 035 151,-0.28 -0.26 2.58
025 038 035 151,-0.28 -0.26 2.58
